__text__ What you can't see can't hurt you, right?
__box__  57 198  59 200   1
__box__  68 207  71 209   1
__box__  67 162  69 165   1
__box__  83 184  85 186   1
__box__  81 119  84 122   1
__box__ 111 188 112 190   1
__box__ 115 152 117 154   1
__box__ 123  86 126  88   1
__box__ 136 205 138 207   1
__box__ 151 174 175 177   1
__box__ 161 127 164 131   0
__box__ 241 179 244 183   0
__box__ 314 142 317 145   0
__box__ 200 200 285 202   1
__box__ 206 134 210 137   1
__box__ 187 100 191 105   1
__box__ 261 136 264 138   1
__box__ 337 183 339 187   1
__box__ 343 105 346 161   1
__box__ 337  48 350  50   0
__box__ 288  36 309  64   1
__box__ 359 213 363 217   1
__box__ 535 218 568 220   1
__box__ 373  84 382  88   1
__box__ 378 177 384 183   1
__box__ 412 215 419 220   1
__box__ 420 178 424 180   1
__box__ 440 214 443 216   1
__box__ 457 192 462 195   1
__box__ 392 122 406 124   0
__box__ 230  86 234  89   1
__box__ 155 160 157 163   0
__box__ 448  51 453  55   0
__box__ 408  32 412  37   1
__box__ 439  98 442 100   1
__box__ 488 198 491 220   1
__box__ 446 138 457 142   1
__box__ 495  27 499  30   1
__box__ 498  89 503  93   1
__box__ 516 142 520 146   1
