__text__ Bouncy, flouncy, trouncy, fun, fun, fun, fun, death
__box__  61 147  77 152   2
__box__  83  62  92 217   1
__box__ 139 146 156 152   2
__box__  78 206 224 220   1
__box__ 123  44 176  60   1
__box__ 224   4 235 175   1
__box__ 160 188 174 192   0
__box__ 153 108 169 114   2
__box__ 165  77 180  83   2
__box__ 254 219 351 225   2
__box__ 262 163 381 186   1
__box__ 262  29 277  39   1
__box__ 264  66 308  80   1
__box__ 267 111 354 129   1
__box__ 237 152 242 157   0
__box__ 268 105 312 111   0
__box__ 400 217 414 222   2
__box__ 414  80 430  84   0
__box__ 400  20 447  81   1
__box__ 477 164 489 169   2
__box__ 526  55 530  59   2
__box__ 558   3 568 222   1
__box__ 416 127 426 223   1
__box__ 504   3 524  10   1
__box__ 508  81 528 210   1
__box__ 509  75 518  83   2
